16 50 10 1500
0 5 4 151
7 4 18 16 0
11 4 7 0
1 4 5 497
0 16 2 14
18 4 7 2 14
2 2 4 407
18 11
9 17 4 11
3 1 4 196
0
19 6 16 0
4 1 4 381
3
18 15 7 3
5 4 2 136
11 17 7 0
18 4
6 2 5 184
13 4
1 15 10 4 7
7 3 4 174
19 5 0
15 8 17 18
8 2 5 463
16 0
9 16 7 10 12
9 5 6 248
4 6 19 1 14
1 13 4 19 1 14
10 4 5 412
9 11 5 0
10 0 2 9 3
11 5 3 132
15 7 18 2 9
1 9 7
12 1 5 381
2
5 15 8 12 2
13 2 2 490
8 19
16 8
14 1 3 379
13
0 7 13
15 3 5 416
0 1 5
17 6 14 5 1
16 2 7 345
17 12
12 3 11 4 10 12 17
17 5 1 129
18 10 1 2 0
12
18 4 6 63
5 19 9 14
16 4 17 14 5 19
19 4 5 109
1 19 14 3
16 18 1 2 3
20 3 6 56
8 13 6
16 4 7 0 8 13
21 1 2 36
6
10 6
22 2 4 261
13 10
3 14 18 10
23 5 2 186
18 0 14 6 15
5 16
24 1 4 137
11
1 3 16 11
25 5 3 134
16 13 7 6 14
5 4 1
26 2 4 69
1 18
17 7 13 18
27 5 2 200
5 2 4 8 14
13 11
28 2 5 469
15 12
1 13 2 15 12
29 4 2 494
18 4 3 9
2 14
30 4 3 104
14 16 3 1
4 3 19
31 1 2 493
14
3 14
32 3 7 146
12 13 18
13 4 9 16 8 18 12
33 2 6 203
12 14
9 1 4 0 14 12
34 3 4 315
15 7 11
8 18 0 16
35 2 3 328
8 13
19 7 1
36 5 4 428
16 19 0 7 9
1 3 9 19
37 4 6 392
7 16 12 3
6 12 16 2 3 16
38 4 9 397
11 1 2 17
16 3 10 4 15 11 1 2 17
39 2 3 133
3 11
5 12 3
40 2 4 388
5 19
12 6 5 19
41 3 5 253
12 5 15
1 9 5 2 15
42 1 5 400
4
6 13 3 12 8
43 3 4 24
5 3 12
13 18 16 0
44 4 3 306
4 6 0 17
11 6 17
45 4 6 206
2 9 4 10
0 1 17 2 9 10
46 1 4 405
19
4 8 17 12
47 4 1 380
7 18 19 17
13
48 3 6 491
12 19 13
10 3 12 9 1 13
49 1 3 447
10
13 10 1
50 2 3 83
13 8
14 6 15
51 1 4 304
14
10 15 4 5
52 3 3 236
14 12 9
13 15 17
53 2 7 401
0 7
8 10 3 17 11 7 0
54 1 6 429
12
0 2 7 3 10 12
55 4 3 147
13 12 19 1
16 4 8
56 5 4 400
8 0 14 3 10
16 12 7 1
57 1 2 283
19
4 19
58 1 3 335
18
13 4 18
59 4 2 345
15 8 9 13
9 17
60 4 8 337
13 18 1 19
2 12 19 6 1 19 13 18
61 5 2 393
19 18 10 16 1
13 1
62 3 5 192
17 19 11
0 9 14 2 11
63 1 1 429
7
15
64 3 4 187
1 6 5
13 3 9 5
65 1 3 493
12
0 19 12
66 1 6 243
14
1 15 10 12 13 14
67 4 2 418
0 7 5 4
12 7
68 2 4 229
8 0
4 1 7 8
69 4 6 280
14 6 16 0
3 1 13 7 4 16
70 4 3 38
16 1 7 10
10 9 0
71 4 3 243
0 16 9 6
2 11 5
72 2 3 355
1 7
14 19 1
73 4 7 483
13 16 1 0
3 4 6 16 0 16 1
74 5 5 410
16 3 12 0 5
11 14 7 15 0
75 4 3 192
18 15 12 16
8 19 18
76 3 5 113
12 6 2
16 4 11 3 15
77 4 2 390
13 1 11 6
3 5
78 5 3 233
2 14 16 12 0
2 11 15
79 1 5 154
4
4 3 8 11 14
80 5 4 258
11 7 16 9 10
11 4 0 5
81 4 9 421
16 6 12 19
5 3 14 0 1 6 12 16 19
82 1 3 163
1
3 12 6
83 1 4 76
15
5 13 17 15
84 3 2 247
3 7 4
9 3
85 2 4 318
9 11
10 12 2 16
86 4 6 63
17 3 18 6
7 18 10 4 17 17
87 4 6 195
11 19 7 5
10 3 8 5 7 19
88 2 6 304
10 0
19 7 12 0 0 10
89 5 9 475
3 17 15 6 8
10 12 11 8 17 15 8 6 17
90 4 1 301
2 15 1 7
3
91 3 5 238
12 18 9
9 10 8 15 1
92 1 1 147
13
19
93 3 1 62
12 16 17
17
94 2 5 296
5 17
9 12 19 14 4
95 1 1 21
2
6
96 1 1 458
11
0
97 3 2 15
13 18 7
5 9
98 4 2 233
4 16 8 12
7 10
99 2 7 129
19 4
15 4 5 9 2 19 4
100 5 2 98
10 19 5 13 18
7 5
101 2 5 444
8 14
10 16 9 2 4
102 2 1 180
12 19
11
103 5 5 127
17 13 14 2 15
16 1 14 17 2
104 2 3 438
9 19
14 2 4
105 2 6 238
9 7
1 10 18 4 2 7
106 2 5 69
14 7
14 19 3 14 7
107 5 3 268
13 10 8 11 3
11 14 10
108 4 2 410
12 7 9 3
3 10
109 5 2 481
6 13 19 17 2
6 2
110 4 4 456
4 12 8 19
8 5 1 13
111 2 7 359
4 8
14 13 16 5 11 4 8
112 1 5 453
8
8 2 4 19 8
113 5 1 128
16 1 10 14 2
14
114 3 2 497
0 11 4
1 9
115 3 4 297
0 5 19
9 11 8 0
116 3 3 336
4 18 1
1 17 6
117 1 4 453
14
18 10 9 14
118 4 4 222
9 1 18 12
13 12 0 6
119 5 4 136
18 3 2 6 15
8 3 0 10
120 3 7 226
8 5 14
18 17 1 5 3 8 5
121 4 4 149
17 15 9 3
4 8 9 17
122 5 4 430
3 6 16 1 13
4 14 1 11
123 1 5 354
9
12 15 2 3 9
124 2 6 219
4 18
16 2 14 0 4 18
125 5 7 309
3 9 10 13 4
4 11 19 8 13 10 4
126 4 7 315
19 13 4 10
0 19 5 6 4 10 19
127 1 4 52
10
9 4 0 16
128 3 3 455
2 9 12
4 3 6
129 2 4 198
18 11
17 6 12 8
130 4 2 492
19 12 2 0
12 14
131 5 2 210
18 14 0 12 1
0 10
132 4 1 106
0 10 15 2
12
133 4 5 43
12 15 16 18
11 2 7 8 1
134 4 4 444
16 18 19 15
2 13 14 18
135 3 3 475
6 9 17
13 17 0
136 5 5 251
6 14 2 8 12
1 8 14 12 18
137 3 1 366
3 14 19
12
138 1 3 57
18
3 2 14
139 3 5 463
19 15 7
15 8 3 9 4
140 2 2 215
9 2
8 14
141 5 5 92
13 6 9 12 10
0 13 6 19 10
142 2 4 352
10 15
2 11 19 10
143 3 2 384
3 19 5
1 3
144 2 5 100
1 9
5 2 4 11 1
145 4 3 354
15 9 14 1
4 0 10
146 3 3 357
9 15 8
14 0 10
147 4 5 247
8 11 2 14
14 6 16 2 11
148 4 1 359
4 7 17 9
1
149 1 2 465
9
7 9
150 1 5 150
15
7 17 1 0 15
151 1 2 368
4
10 19
152 2 4 246
6 10
11 8 18 15
153 3 2 37
12 15 18
3 12
154 5 8 402
18 9 0 2 14
12 19 16 1 0 9 14 18
155 4 3 239
14 3 17 19
4 13 17
156 5 5 273
19 10 16 9 7
16 18 12 0 13
157 1 6 394
11
5 7 0 1 11 11
158 1 2 236
5
15 5
159 4 3 162
19 4 10 15
11 5 10
160 4 4 106
6 18 0 19
6 1 6 0
161 1 4 302
2
4 0 8 2
162 1 1 69
18
2
163 1 5 388
6
7 12 3 4 13
164 2 3 250
16 3
14 11 3
165 3 5 450
4 13 1
10 11 17 16 4
166 1 5 85
5
6 1 9 0 5
167 2 7 211
19 10
12 11 4 19 10 19 10
168 4 8 410
5 10 16 11
11 5 1 16 9 5 10 16
169 2 2 194
18 7
16 7
170 1 6 10
4
7 2 19 17 18 4
171 3 3 112
8 17 10
11 16 1
172 2 7 129
1 6
6 2 15 13 3 1 6
173 3 6 180
10 1 17
1 14 6 0 5 1
174 5 5 249
7 9 8 0 1
10 17 5 3 13
175 1 4 190
4
12 16 6 4
176 1 4 47
0
4 7 19 0
177 2 5 276
15 2
12 7 9 8 1
178 4 2 459
12 5 6 10
18 7
179 5 7 493
18 14 4 17 2
0 12 10 14 2 4 18
180 2 7 16
19 16
8 2 0 12 5 16 19
181 1 1 408
19
19
182 1 5 303
11
19 5 1 6 13
183 1 2 443
16
6 2
184 4 8 467
5 9 10 7
10 14 6 18 9 7 5 10
185 5 3 118
8 2 10 6 1
16 3 12
186 1 2 117
0
19 1
187 2 3 12
14 18
13 5 0
188 5 2 499
0 14 8 18 17
8 1
189 5 5 148
16 1 6 14 17
6 5 16 17 14
190 3 2 212
11 8 12
19 14
191 5 6 328
0 3 15 9 14
1 5 2 12 3 15
192 3 5 198
11 1 8
15 11 9 14 1
193 1 3 439
0
16 7 0
194 3 1 263
14 0 2
1
195 5 7 415
14 1 9 10 13
16 8 19 11 0 14 9
196 4 7 339
17 10 7 15
1 3 17 0 5 10 7
197 2 3 178
1 10
14 3 1
198 2 3 36
15 19
19 16 1
199 3 2 422
16 5 19
18 5
200 5 2 110
4 11 7 16 0
4 19
201 4 1 101
14 15 17 3
13
202 5 2 483
2 16 17 5 13
12 13
203 5 2 446
14 19 11 9 0
14 9
204 1 6 158
16
8 7 3 6 2 16
205 1 5 425
7
4 1 17 8 11
206 2 6 281
5 4
14 10 2 12 19 5
207 4 2 456
12 4 3 5
15 14
208 1 6 124
4
0 15 17 19 11 4
209 5 2 276
10 12 5 2 15
8 12
210 2 2 235
18 11
19 10
211 2 2 247
14 11
17 12
212 1 3 145
3
8 4 5
213 3 4 110
6 19 16
12 11 8 16
214 2 6 322
14 8
3 0 18 1 6 14
215 5 7 229
7 5 12 16 10
11 5 14 19 10 12 16
216 4 6 307
17 2 1 4
10 18 17 1 1 17
217 1 4 286
2
14 4 13 2
218 3 5 498
15 4 12
18 15 2 1 9
219 3 1 106
1 17 14
2
220 3 4 227
8 10 1
5 19 10 17
221 3 2 494
3 1 12
14 1
222 3 1 170
12 15 10
2
223 4 5 323
13 1 7 14
6 14 12 0 18
224 4 5 214
6 16 13 2
1 15 18 13 6
225 3 4 489
16 12 15
5 4 3 16
226 4 4 357
10 8 15 6
5 18 8 10
227 4 2 110
11 5 18 12
10 18
228 3 5 80
12 1 17
10 16 6 8 12
229 2 1 482
19 12
13
230 2 3 96
11 16
12 6 4
231 2 2 107
7 13
5 13
232 3 4 13
2 18 13
6 7 17 18
233 5 2 270
13 2 1 18 14
2 18
234 5 4 408
5 2 14 3 4
4 19 15 14
235 4 3 50
9 6 16 10
2 13 3
236 5 4 323
9 2 13 12 10
16 13 9 4
237 1 2 415
1
15 1
238 5 2 98
4 2 0 8 10
4 2
239 5 5 135
17 16 12 7 11
8 12 2 12 7
240 5 6 352
14 9 5 4 3
14 6 15 9 12 4
241 4 6 121
16 15 8 10
10 13 17 5 16 15
242 2 1 227
12 9
7
243 5 2 461
14 15 9 1 5
15 13
244 1 1 55
2
7
245 1 3 457
0
0 2 0
246 3 5 214
19 9 13
11 4 5 13 19
247 1 1 210
17
12
248 5 4 474
17 10 3 12 14
12 8 17 10
249 1 5 382
9
5 8 19 17 9
250 3 6 101
19 1 4
12 7 0 15 1 4
251 5 6 53
0 7 16 5 13
10 0 12 0 13 7
252 5 8 156
18 13 16 4 5
18 19 0 9 10 18 4 5
253 5 5 105
18 17 4 10 5
14 3 9 4 17
254 1 3 197
9
15 3 9
255 1 4 470
7
0 3 13 7
256 2 4 212
10 0
19 13 12 16
257 4 8 406
13 4 10 0
1 19 5 14 8 10 0 13
258 3 5 16
7 11 18
3 11 14 7 11
259 3 6 202
9 16 3
4 15 7 9 3 16
260 3 3 245
18 4 9
12 1 14
261 3 5 485
9 18 10
5 12 9 9 18
262 3 5 17
16 0 12
1 2 14 7 18
263 4 4 419
14 6 5 15
6 14 9 6
264 5 5 493
2 0 11 19 8
4 14 11 19 15
265 5 4 280
18 3 12 0 11
10 0 11 18
266 3 2 318
10 8 13
5 10
267 1 6 68
6
7 1 3 2 5 6
268 3 4 488
9 13 12
18 6 2 12
269 1 4 109
11
0 6 1 2
270 4 5 192
11 15 3 9
13 0 7 1 5
271 5 1 204
15 4 3 10 19
13
272 5 6 24
19 10 15 13 1
8 4 19 10 14 13
273 1 4 110
2
0 6 5 12
274 1 2 423
17
6 17
275 1 2 210
3
11 1
276 1 4 306
17
3 15 5 17
277 3 1 299
9 3 18
2
278 1 2 42
4
1 4
279 2 5 372
12 13
18 2 17 10 8
280 2 1 283
8 2
17
281 1 6 48
13
19 17 1 11 9 13
282 2 3 437
13 14
1 2 13
283 5 9 304
5 14 7 16 0
8 0 6 10 11 0 16 5 14
284 5 1 414
11 2 16 8 5
3
285 3 4 130
5 0 17
7 0 0 17
286 3 3 192
17 4 11
12 18 6
287 3 5 343
0 10 9
11 5 9 2 16
288 3 4 93
14 16 0
16 5 17 2
289 2 1 362
18 9
19
290 4 4 204
5 11 4 10
14 19 15 8
291 1 2 173
15
18 15
292 1 4 128
11
10 14 2 9
293 2 5 170
10 16
2 8 16 9 16
294 4 4 107
17 13 2 14
0 3 4 14
295 1 4 132
18
15 11 6 18
296 4 7 404
14 12 7 16
5 12 0 15 12 14 16
297 1 1 428
4
12
298 1 1 128
10
16
299 3 2 161
0 9 17
12 0
300 2 3 490
12 10
7 10 10
301 4 1 453
12 7 16 18
6
302 5 4 277
12 18 13 5 0
9 15 12 0
303 5 1 234
8 14 15 5 3
11
304 2 4 30
17 14
0 13 4 3
305 5 7 321
6 10 8 16 7
4 13 19 7 17 16 8
306 1 4 384
10
15 4 16 10
307 5 1 250
10 18 13 7 8
0
308 4 1 351
12 7 8 18
19
309 3 2 39
3 2 0
1 3
310 4 5 343
12 5 11 8
11 7 17 9 1
311 2 2 494
3 10
8 10
312 5 5 241
1 19 16 8 18
15 5 1 3 8
313 1 5 24
10
8 1 14 2 10
314 5 4 305
19 14 10 16 5
15 18 2 19
315 5 4 480
14 12 4 11 18
5 14 19 18
316 2 3 106
14 8
4 9 15
317 3 5 477
15 14 10
19 9 11 0 14
318 4 6 403
9 11 3 1
9 8 6 1 11 3
319 2 1 150
12 17
19
320 1 3 96
12
11 5 12
321 4 3 108
5 4 0 9
19 8 5
322 3 5 488
18 3 13
3 13 14 10 9
323 3 3 34
0 6 15
11 16 0
324 5 8 252
5 15 18 3 9
2 8 6 17 3 5 18 15
325 4 5 95
1 3 7 18
14 18 19 5 2
326 2 1 186
1 16
1
327 2 5 158
14 4
0 7 10 4 14
328 2 5 273
9 17
0 8 9 1 13
329 4 4 188
9 16 8 11
9 14 15 12
330 5 1 304
18 3 2 10 15
19
331 4 1 326
6 18 4 7
3
332 3 3 156
0 9 18
9 19 11
333 1 4 150
8
13 17 4 19
334 1 4 403
1
18 5 12 6
335 4 2 113
3 9 16 18
11 7
336 3 4 270
6 4 0
2 1 18 6
337 5 4 248
4 18 14 15 1
11 9 16 18
338 1 1 108
15
16
339 2 4 149
3 8
7 3 3 8
340 2 3 48
19 18
17 5 19
341 5 7 345
13 19 3 0 8
2 0 9 16 13 8 19
342 2 5 213
7 12
10 14 18 15 6
343 5 3 176
11 1 13 9 4
3 6 1
344 4 3 79
6 4 3 11
8 12 7
345 1 2 195
13
4 13
346 3 5 375
17 19 11
8 12 2 3 11
347 2 2 225
13 17
17 17
348 5 1 88
3 11 15 18 17
16
349 2 2 218
6 11
18 11
350 2 2 79
1 17
5 8
351 5 4 166
14 10 13 7 18
13 5 9 13
352 3 7 464
6 11 19
5 2 6 12 4 6 11
353 3 3 381
10 0 1
2 9 13
354 3 5 245
12 1 19
15 0 18 19 12
355 2 7 147
18 19
19 17 1 4 3 18 19
356 1 1 344
14
14
357 2 4 475
4 14
19 10 7 3
358 2 5 181
15 7
17 12 3 15 7
359 3 5 40
9 15 19
4 18 0 5 15
360 1 3 249
16
12 8 16
361 1 4 87
15
12 17 16 9
362 2 4 478
4 10
3 12 13 10
363 5 6 350
0 16 13 9 18
17 2 4 14 18 9
364 5 1 91
8 1 15 14 12
12
365 5 5 384
8 2 9 5 4
1 17 13 10 7
366 1 5 127
1
16 17 13 4 1
367 1 2 255
15
12 16
368 5 4 360
11 8 7 1 2
14 13 15 2
369 3 4 383
11 1 2
13 14 10 11
370 4 2 373
15 12 8 4
18 6
371 3 5 317
11 4 3
18 14 0 3 11
372 1 1 329
18
7
373 1 5 458
5
8 9 12 6 0
374 3 3 106
17 1 10
9 4 13
375 3 4 471
13 0 9
5 18 14 8
376 1 5 18
7
13 0 6 1 7
377 2 2 356
4 18
18 14
378 1 2 429
9
10 5
379 2 4 135
11 17
0 6 18 11
380 3 3 395
15 14 19
17 10 15
381 2 5 442
19 4
1 15 3 19 4
382 3 5 67
2 9 7
18 4 2 0 10
383 1 2 314
11
10 9
384 3 2 22
14 12 3
1 3
385 5 5 329
1 13 18 0 10
2 19 10 1 12
386 5 3 19
7 18 3 6 17
13 19 10
387 1 2 39
15
16 15
388 4 5 132
5 19 9 7
18 19 16 10 15
389 2 3 68
3 16
1 8 11
390 1 4 418
11
11 4 19 11
391 5 4 153
7 2 17 14 9
0 5 9 17
392 1 2 219
16
17 16
393 3 2 271
15 12 6
12 7
394 4 8 107
11 0 19 10
3 9 4 14 0 11 10 19
395 3 3 19
14 5 13
2 10 4
396 5 2 175
4 16 2 12 18
0 16
397 1 4 408
2
3 18 16 2
398 5 3 372
16 13 14 12 2
3 9 1
399 2 5 66
13 18
9 1 3 6 12
400 1 6 119
9
16 0 3 14 10 9
401 1 5 351
0
7 18 9 5 12
402 3 5 440
14 13 11
12 6 8 14 15
403 2 7 387
2 1
7 14 15 11 18 1 2
404 5 5 82
6 18 14 16 3
2 5 19 13 16
405 2 1 123
9 2
6
406 1 4 433
12
17 2 6 12
407 5 1 454
15 14 7 6 9
5
408 4 2 51
4 18 15 12
7 19
409 3 5 64
1 5 7
10 15 3 9 1
410 3 2 247
7 11 16
0 7
411 4 3 222
10 15 16 2
6 4 16
412 5 2 281
1 10 19 6 8
9 6
413 5 7 496
9 12 6 4 2
16 19 2 9 1 6 9
414 3 6 101
15 5 14
6 14 1 15 5 14
415 4 3 368
8 3 11 0
6 5 0
416 3 2 122
8 10 14
0 14
417 2 6 267
19 13
12 11 13 17 13 19
418 2 6 127
7 9
12 19 8 4 9 7
419 3 1 471
17 13 18
2
420 3 2 53
5 4 8
6 4
421 4 6 497
12 15 3 16
18 19 8 3 16 15
422 1 5 204
12
17 11 2 6 12
423 5 7 213
11 15 8 6 14
4 8 17 16 9 6 14
424 5 5 117
8 10 5 19 6
3 9 14 7 1
425 3 3 150
19 13 3
8 17 11
426 4 3 288
17 16 1 0
5 16 13
427 2 5 211
12 14
12 9 7 4 12
428 5 8 189
12 16 4 3 9
19 17 14 9 8 4 9 16
429 3 4 325
8 11 12
14 6 15 11
430 2 5 335
8 9
0 6 10 8 7
431 2 4 192
13 0
11 6 13 0
432 3 3 73
15 19 7
14 16 19
433 5 4 105
1 12 3 2 15
7 8 1 3
434 3 3 296
19 9 10
1 19 10
435 2 3 181
1 2
15 14 6
436 2 1 421
0 13
3
437 2 6 66
17 14
3 10 2 9 17 14
438 1 5 332
12
3 6 8 14 17
439 1 5 282
18
12 19 7 5 18
440 3 2 409
19 0 11
19 11
441 2 3 301
18 1
13 17 9
442 5 4 87
0 6 1 16 19
7 17 1 6
443 4 4 285
2 17 13 5
10 9 18 17
444 3 1 68
5 10 14
15
445 3 5 337
19 2 3
6 7 5 3 19
446 2 5 281
17 0
15 14 0 6 12
447 4 7 376
7 5 17 4
11 14 0 5 8 5 4
448 2 7 477
15 6
2 0 4 12 16 15 6
449 4 5 301
11 19 18 16
15 13 1 7 10
450 2 6 492
1 10
10 15 19 12 11 10
451 2 4 268
9 15
8 18 17 3
452 5 3 100
2 14 3 6 16
1 7 6
453 3 8 307
10 1 16
1 3 2 8 19 1 10 16
454 5 3 103
17 4 16 7 15
17 11 15
455 2 4 451
11 7
3 12 10 11
456 5 9 314
15 7 12 2 11
12 5 18 9 11 15 12 11 7
457 3 5 235
8 13 9
6 7 12 9 8
458 3 2 155
4 0 6
0 4
459 3 2 142
6 8 14
3 14
460 1 3 19
17
18 11 17
461 1 5 34
8
14 17 5 18 10
462 1 5 202
19
10 17 19 7 5
463 4 5 98
11 7 9 0
14 10 1 15 3
464 3 7 24
3 5 0
19 16 12 0 0 3 5
465 1 3 278
3
12 5 11
466 3 2 265
1 5 3
8 5
467 1 1 153
12
6
468 2 2 402
2 8
2 2
469 4 1 90
11 8 9 7
13
470 1 4 451
15
7 1 3 2
471 5 6 83
1 19 11 0 4
7 9 3 4 19 0
472 5 6 180
0 1 8 16 18
6 8 10 8 1 16
473 1 3 238
10
3 9 6
474 1 6 10
2
7 12 4 18 2 2
475 3 8 161
12 15 11
17 0 16 10 4 15 11 12
476 1 4 102
12
19 14 4 12
477 2 6 467
2 6
1 10 7 9 12 2
478 5 7 356
12 9 15 7 19
0 6 5 1 7 15 12
479 2 5 180
19 16
8 11 7 16 19
480 5 2 456
7 17 15 2 18
18 15
481 1 2 12
5
14 5
482 4 3 140
11 17 4 1
9 13 8
483 2 3 425
13 6
3 4 19
484 3 6 261
19 10 9
5 2 9 6 9 19
485 4 5 91
3 6 16 17
17 16 7 6 10
486 3 8 314
0 17 12
9 4 8 5 15 17 12 0
487 3 2 332
7 3 10
19 3
488 3 5 400
5 8 4
7 10 5 18 4
489 5 5 395
19 12 1 18 0
4 14 1 8 12
490 3 4 422
14 16 18
7 19 6 14
491 3 6 243
14 3 2
0 16 17 13 14 3
492 3 6 352
19 5 17
18 10 0 12 5 5
493 1 6 14
18
7 0 10 4 2 18
494 1 4 309
17
16 12 6 17
495 5 6 164
3 17 4 5 12
8 13 10 3 4 12
496 5 3 140
7 5 8 6 4
12 16 5
497 1 1 156
1
1
498 1 1 166
18
1
499 2 3 181
19 5
15 4 19
500 3 6 443
16 6 3
14 2 4 12 6 3
501 4 2 48
4 17 1 8
12 8
502 1 2 257
5
16 5
503 2 3 22
14 13
14 13 5
504 2 3 474
3 11
10 5 11
505 5 4 127
7 12 5 13 11
0 4 12 7
506 1 3 45
6
8 5 6
507 5 2 191
1 4 18 12 6
15 1
508 4 4 435
15 16 8 4
0 19 16 3
509 1 2 323
15
4 15
510 3 6 326
5 14 10
2 12 17 5 10 14
511 1 2 232
14
14 17
512 5 6 288
15 17 1 5 10
14 15 0 12 5 1
513 3 3 33
1 10 18
13 19 9
514 3 4 299
7 16 19
9 17 4 7
515 4 8 404
0 18 5 2
13 14 12 7 18 0 5 2
516 3 2 378
5 13 7
5 13
517 3 4 432
15 18 4
6 9 19 18
518 3 3 188
18 0 13
0 18 8
519 3 4 262
11 15 3
12 19 16 13
520 1 4 374
13
2 9 11 13
521 2 2 57
6 12
0 6
522 2 7 455
0 11
15 8 18 6 17 11 0
523 3 4 66
3 4 11
7 10 15 17
524 4 7 394
18 11 9 1
17 4 14 8 9 11 1
525 4 6 367
17 9 16 7
14 17 10 1 4 9
526 1 1 262
3
3
527 2 4 396
12 8
2 8 7 0
528 5 1 345
17 5 2 16 4
4
529 4 5 448
12 3 2 1
5 4 8 7 2
530 3 7 120
4 10 19
15 5 11 0 4 19 10
531 5 3 92
2 3 1 6 18
9 16 1
532 1 3 397
9
18 1 9
533 4 3 114
10 14 11 2
19 9 3
534 2 2 103
17 10
15 16
535 5 3 102
10 0 11 6 4
8 15 5
536 2 3 255
11 14
19 17 14
537 3 5 137
10 12 18
16 3 12 6 7
538 2 5 392
4 2
6 12 0 16 3
539 3 2 351
5 19 13
12 5
540 4 4 30
1 7 4 11
13 16 1 19
541 1 4 49
0
6 9 19 10
542 4 2 372
9 11 18 16
12 11
543 1 3 466
13
16 19 17
544 2 1 106
16 3
7
545 1 4 225
3
17 1 10 3
546 4 1 232
11 4 8 5
2
547 3 5 460
1 15 2
0 19 15 14 9
548 4 4 212
6 2 16 8
9 18 17 15
549 3 4 220
8 18 4
6 2 8 3
550 4 5 311
14 17 10 3
11 15 9 19 13
551 1 6 457
6
19 8 3 16 0 6
552 2 4 281
14 18
12 3 14 10
553 2 2 364
14 19
0 2
554 1 4 401
2
7 15 4 2
555 1 2 440
12
11 7
556 4 3 16
3 16 12 14
0 8 17
557 5 7 17
6 16 5 2 8
16 4 11 14 10 16 8
558 1 4 405
5
10 5 4 5
559 1 1 428
15
12
560 4 1 232
11 13 18 10
6
561 2 1 399
7 13
13
562 3 3 184
9 7 12
11 0 7
563 4 4 454
0 13 7 16
13 12 8 19
564 1 5 64
15
9 13 17 5 15
565 4 5 345
5 9 14 4
10 9 0 8 5
566 5 4 77
18 16 9 15 13
0 3 18 19
567 4 3 187
9 18 7 8
3 15 8
568 2 1 159
5 15
16
569 3 3 87
19 12 2
18 13 10
570 1 4 56
4
2 1 7 9
571 5 4 126
5 19 2 16 9
7 1 16 5
572 3 6 138
8 3 4
15 8 18 6 3 4
573 3 1 401
19 11 8
12
574 2 6 90
3 12
5 13 17 8 19 3
575 2 5 161
6 12
11 14 4 8 12
576 4 5 409
0 15 3 2
1 0 13 15 3
577 5 2 244
5 12 9 6 13
6 19
578 1 3 366
18
17 11 18
579 4 6 57
14 11 9 18
4 12 17 0 9 18
580 4 9 216
13 9 2 6
10 12 9 5 2 6 9 13 2
581 1 3 323
5
14 5 1
582 1 5 462
4
7 3 11 19 4
583 2 1 418
18 10
8
584 3 2 169
10 18 0
15 12
585 5 5 305
3 18 16 5 13
18 4 6 2 12
586 5 8 35
16 14 12 15 17
1 19 16 3 6 14 12 16
587 2 1 308
8 18
17
588 2 3 207
16 10
5 13 19
589 3 3 297
4 15 1
8 17 6
590 3 8 147
0 3 5
18 1 19 13 14 3 0 5
591 1 5 19
18
4 12 18 2 18
592 2 3 135
19 13
10 6 19
593 5 5 11
14 4 17 7 13
18 14 0 10 12
594 3 1 119
14 19 9
11
595 2 3 134
14 19
19 1 14
596 2 4 115
4 8
5 6 4 4
597 4 6 362
4 18 8 10
14 2 7 9 15 10
598 1 4 60
12
12 16 11 13
599 2 4 188
14 11
19 12 11 14
600 1 4 239
11
8 18 10 3
601 2 3 442
5 18
10 16 18
602 4 5 206
10 11 7 6
2 19 11 0 8
603 5 1 197
12 11 16 0 14
5
604 1 5 138
14
7 8 18 1 14
605 3 4 86
6 10 18
18 6 18 6
606 3 1 292
15 18 5
13
607 3 6 442
12 16 8
18 2 0 6 11 8
608 4 2 153
17 10 8 18
8 14
609 4 6 332
5 18 16 8
18 2 7 11 8 16
610 5 2 274
12 16 10 13 18
8 16
611 5 3 426
11 7 0 6 15
1 6 13
612 3 3 199
11 3 12
19 10 3
613 4 1 468
17 16 9 19
1
614 3 2 38
3 10 7
14 7
615 2 3 441
6 3
6 18 14
616 5 4 74
18 1 12 7 19
19 6 19 1
617 1 2 173
8
15 3
618 5 2 11
19 0 18 4 11
14 19
619 1 6 341
18
16 1 9 0 6 18
620 4 1 431
18 0 3 13
9
621 4 5 244
6 16 0 2
2 14 1 12 13
622 5 2 430
9 16 10 5 18
11 14
623 3 3 487
3 8 11
6 9 12
624 1 4 394
13
17 4 10 11
625 5 4 172
15 2 8 12 19
16 0 12 2
626 1 5 236
4
8 15 6 19 0
627 1 2 203
19
10 19
628 1 3 423
1
9 8 7
629 4 4 349
3 9 15 0
1 4 11 9
630 2 3 115
3 6
3 18 5
631 2 4 208
13 15
9 10 4 2
632 5 2 56
11 12 7 4 18
17 11
633 2 5 396
13 0
3 2 11 9 13
634 3 1 300
19 5 8
2
635 2 2 93
13 10
11 10
636 1 1 429
4
9
637 4 2 36
9 5 19 7
16 5
638 4 2 154
4 17 12 9
2 8
639 4 3 212
12 3 2 14
9 11 2
640 3 2 372
1 7 10
0 10
641 2 6 311
2 5
2 5 0 6 7 2
642 5 6 121
15 16 14 13 3
1 5 12 7 4 15
643 1 2 493
11
16 18
644 4 3 228
15 17 1 9
13 4 17
645 4 2 336
16 15 5 0
13 3
646 5 7 134
11 6 8 10 19
5 4 3 17 13 6 19
647 3 4 94
13 0 4
9 11 5 19
648 1 5 11
6
6 11 14 4 7
649 4 4 231
15 0 12 8
18 9 4 12
650 1 6 19
9
14 13 12 9 2 9
651 5 1 343
18 3 12 11 2
14
652 5 4 198
19 10 9 7 5
13 8 10 7
653 5 1 443
8 17 13 4 12
10
654 1 3 312
2
5 7 2
655 2 4 308
6 14
5 13 12 14
656 4 5 198
10 17 15 13
10 17 6 13 15
657 1 2 76
19
8 19
658 4 9 371
2 7 18 9
12 19 6 15 17 9 2 7 18
659 3 5 55
7 16 5
6 2 0 10 15
660 2 1 66
12 1
13
661 4 6 222
18 14 19 2
19 3 15 18 2 19
662 3 2 192
10 2 4
6 0
663 5 4 320
9 11 6 8 10
14 18 5 9
664 2 3 396
12 11
5 9 14
665 1 1 468
4
2
666 4 3 125
6 9 12 19
13 8 16
667 3 4 278
17 10 16
12 10 4 17
668 2 2 299
0 2
15 2
669 3 1 125
5 0 6
19
670 1 3 146
9
5 10 11
671 5 3 325
17 19 10 11 13
10 14 7
672 4 1 163
15 0 1 14
14
673 4 3 84
9 5 11 14
2 3 17
674 1 4 210
10
2 18 8 10
675 5 2 193
7 2 4 13 15
5 15
676 5 4 147
18 19 8 15 2
3 0 15 18
677 1 2 259
19
17 19
678 1 4 437
1
12 0 5 1
679 3 3 319
13 4 3
17 14 4
680 2 2 445
7 15
10 15
681 1 3 60
10
19 18 7
682 4 2 21
3 14 0 12
7 14
683 1 4 67
2
18 4 0 19
684 2 2 318
14 13
1 13
685 5 4 11
17 13 6 19 0
3 10 6 19
686 5 3 303
9 3 11 6 4
8 14 3
687 1 5 270
11
6 8 0 2 11
688 2 5 330
18 17
4 6 9 17 18
689 2 7 422
6 17
16 7 8 10 12 6 17
690 2 5 69
9 4
19 7 2 0 18
691 3 2 234
17 4 5
16 12
692 4 2 497
7 0 12 13
3 13
693 3 3 192
4 18 9
15 19 1
694 4 4 337
5 14 3 11
10 18 2 4
695 4 4 434
18 15 14 9
18 11 14 18
696 1 5 375
5
17 13 10 14 5
697 1 2 275
13
16 9
698 2 1 391
14 16
15
699 2 2 144
11 6
7 11
700 3 2 106
17 0 1
14 0
701 3 1 336
17 6 5
19
702 1 2 459
15
18 15
703 3 2 24
4 7 10
16 9
704 4 3 326
14 17 7 9
18 17 17
705 2 4 318
9 7
18 2 6 13
706 3 2 32
10 7 19
11 13
707 4 7 49
8 13 7 15
7 2 17 4 6 15 13
708 2 2 407
3 11
7 3
709 1 6 239
14
13 18 3 5 6 14
710 4 7 186
3 10 18 12
17 15 18 7 18 3 12
711 5 4 60
1 16 7 6 0
11 6 19 17
712 1 4 90
9
16 3 14 13
713 2 7 200
4 13
8 13 19 0 11 4 13
714 3 5 292
17 15 0
16 14 19 12 10
715 1 4 281
6
6 8 10 6
716 2 3 344
17 14
16 5 19
717 2 6 427
10 6
15 4 13 16 6 10
718 1 5 180
2
5 0 16 6 12
719 3 2 88
1 2 17
19 2
720 1 3 217
13
13 18 7
721 4 8 406
5 7 9 8
12 1 18 19 13 9 7 8
722 3 1 192
17 7 18
6
723 1 1 136
19
7
724 1 4 123
6
14 15 18 6
725 4 4 360
9 4 8 15
19 10 7 13
726 5 2 43
16 4 9 7 0
4 4
727 5 4 45
18 13 12 7 19
8 19 18 7
728 5 7 447
13 7 10 1 9
9 12 3 15 9 10 7
729 3 2 418
8 4 12
1 17
730 1 1 481
0
2
731 1 3 207
9
11 5 9
732 5 4 171
14 15 8 1 4
0 10 8 17
733 4 8 169
16 6 1 10
10 1 6 9 5 10 6 16
734 5 1 396
0 19 10 18 4
0
735 2 4 332
2 3
9 13 11 2
736 3 2 184
8 15 1
13 11
737 1 3 77
18
12 17 18
738 2 3 310
17 8
8 6 5
739 2 1 419
17 12
4
740 1 5 221
12
18 11 12 4 12
741 3 3 130
1 8 13
0 15 6
742 3 5 398
2 6 12
16 6 17 1 12
743 1 5 423
15
16 18 19 3 4
744 5 2 91
13 6 7 10 12
0 12
745 4 3 204
8 16 3 18
15 4 16
746 4 2 264
1 12 7 2
19 7
747 2 7 243
19 6
9 12 8 4 19 19 6
748 1 2 99
2
16 2
749 2 3 454
3 0
18 17 0
750 5 2 442
9 17 5 14 19
10 14
751 1 4 455
11
13 11 4 11
752 3 4 208
17 13 16
13 2 13 16
753 5 2 236
2 6 13 3 7
0 6
754 2 2 416
3 12
10 12
755 3 8 211
18 7 8
18 8 7 4 2 18 7 8
756 2 2 466
4 5
8 7
757 4 1 434
0 8 5 4
12
758 1 3 279
14
11 19 10
759 5 5 439
6 1 16 14 17
0 2 14 10 19
760 4 1 208
12 5 1 13
14
761 5 10 280
12 4 9 7 13
18 19 7 14 6 4 7 9 13 12
762 1 4 301
8
11 17 9 8
763 4 6 64
1 15 2 13
15 2 8 9 5 1
764 2 4 493
16 19
14 11 13 18
765 1 2 34
15
4 15
766 3 7 81
4 14 17
0 10 15 2 14 4 17
767 4 1 460
0 19 3 9
4
768 3 3 161
15 8 6
0 13 6
769 5 9 448
11 18 2 19 17
18 8 13 9 12 17 2 11 19
770 3 4 89
19 9 18
10 17 12 15
771 1 3 22
10
19 6 10
772 2 4 461
13 18
12 0 11 13
773 4 2 478
13 5 15 7
14 8
774 4 5 125
17 7 13 18
9 4 2 7 18
775 5 3 167
8 11 2 0 12
4 6 11
776 2 6 371
11 16
18 2 14 8 11 16
777 1 3 369
8
5 10 18
778 1 4 175
2
0 3 12 6
779 4 4 123
6 7 11 8
16 18 8 11
780 3 5 351
14 4 16
5 8 9 10 7
781 4 6 359
9 7 6 3
13 1 2 4 7 9
782 3 6 250
3 1 6
4 14 1 13 12 6
783 1 6 95
3
10 3 9 14 4 3
784 4 8 485
7 6 19 13
1 5 19 4 6 19 13 7
785 4 1 185
8 18 0 4
6
786 4 7 183
2 6 9 10
7 11 4 6 10 6 9
787 2 4 479
1 7
9 11 1 7
788 1 3 463
14
5 2 0
789 5 6 324
8 0 15 13 7
17 8 15 13 14 0
790 1 3 495
4
10 0 12
791 4 5 298
16 4 13 19
6 2 8 15 12
792 1 6 16
19
0 13 12 15 14 19
793 4 5 88
17 16 14 0
4 16 17 19 0
794 5 1 337
15 17 0 1 6
0
795 4 4 40
15 18 16 14
4 7 18 15
796 2 5 474
1 3
16 18 4 1 3
797 4 2 206
11 15 5 12
6 11
798 2 5 281
14 17
13 2 14 7 3
799 5 2 68
18 15 7 4 0
17 15
800 5 2 142
8 6 10 0 14
11 0
801 2 5 39
15 14
1 13 7 10 14
802 4 5 337
0 5 11 19
6 15 4 1 5
803 4 4 427
16 18 5 7
9 7 18 19
804 2 4 13
19 4
2 11 10 14
805 1 4 428
12
11 13 17 12
806 1 4 369
19
19 9 16 2
807 5 3 423
10 9 15 16 14
11 13 9
808 2 4 214
5 10
9 2 10 5
809 3 2 267
7 8 1
3 1
810 5 3 273
6 3 19 4 7
3 19 9
811 5 8 343
1 7 8 11 15
11 9 18 2 16 15 7 11
812 2 4 151
5 19
6 12 9 19
813 3 4 78
15 12 4
17 11 4 4
814 1 5 176
7
12 13 17 16 9
815 5 3 317
6 12 15 4 17
16 3 7
816 5 4 176
6 16 13 5 2
5 9 3 14
817 5 8 229
8 7 18 15 17
11 5 1 6 16 17 18 15
818 5 8 329
14 11 13 2 8
10 12 1 7 14 11 13 2
819 2 4 25
7 14
13 6 8 11
820 1 1 207
14
0
821 4 5 270
19 3 5 15
18 9 10 19 3
822 4 2 218
13 2 12 1
17 9
823 2 3 143
14 8
12 6 5
824 4 6 94
7 17 19 8
12 9 16 18 19 7
825 3 4 401
19 4 3
15 17 16 4
826 2 3 485
12 7
10 9 18
827 2 7 102
7 8
16 9 12 5 8 7 8
828 1 2 401
10
16 14
829 4 6 79
9 14 2 19
16 6 11 10 9 19
830 1 4 127
16
17 10 1 18
831 1 3 151
0
19 10 0
832 5 1 358
15 19 12 9 17
1
833 5 6 77
0 4 17 1 14
19 7 2 17 14 0
834 5 2 266
13 0 11 14 10
2 7
835 2 4 111
1 5
15 2 1 5
836 3 3 460
19 10 14
4 3 16
837 3 5 308
17 13 15
12 15 3 18 10
838 5 1 333
15 18 17 16 5
19
839 2 4 103
6 9
18 2 13 10
840 1 5 262
13
15 0 2 4 1
841 4 4 70
5 3 17 1
7 6 15 2
842 3 4 333
16 2 10
16 13 16 10
843 2 7 372
6 19
7 6 11 0 8 19 6
844 3 4 361
2 4 8
17 2 0 16
845 2 5 96
15 8
11 3 16 15 8
846 3 1 190
3 19 13
2
847 4 1 215
15 19 0 6
2
848 5 5 132
7 11 15 16 13
4 13 12 7 5
849 5 4 153
1 3 7 8 9
1 3 13 14
850 3 1 267
5 18 8
4
851 2 6 398
14 16
1 14 16 6 5 16
852 2 2 214
7 11
18 7
853 2 4 18
2 13
19 18 4 8
854 1 2 177
13
14 13
855 3 3 365
6 11 19
3 10 5
856 3 7 251
2 0 5
19 10 7 3 2 0 5
857 5 5 424
19 14 6 7 5
1 17 2 14 6
858 4 5 65
15 16 7 9
1 10 14 9 7
859 2 1 478
0 6
1
860 1 1 91
16
11
861 3 4 356
16 0 2
0 4 8 12
862 4 1 91
14 19 3 1
6
863 5 5 487
9 19 18 10 15
2 17 4 15 9
864 3 5 23
17 14 13
0 15 1 8 13
865 1 1 492
17
1
866 1 3 388
11
13 5 18
867 5 1 497
2 16 7 17 15
10
868 5 5 19
16 8 17 12 4
0 15 10 1 7
869 3 2 45
6 1 5
16 6
870 4 4 268
8 16 12 13
3 9 14 16
871 5 5 13
2 18 12 6 4
14 9 16 7 8
872 4 4 379
18 14 9 15
13 18 11 14
873 3 2 315
0 5 19
6 19
874 3 5 218
16 2 11
19 2 7 2 11
875 3 3 109
12 14 6
16 19 9
876 1 1 230
5
13
877 5 2 196
3 14 5 10 17
12 5
878 1 1 178
6
3
879 3 6 20
3 5 2
6 0 12 15 9 3
880 3 5 457
1 13 19
3 5 1 1 19
881 4 6 472
17 19 7 14
9 1 2 6 14 7
882 5 3 347
15 7 3 19 6
16 8 7
883 5 1 255
4 19 17 14 11
19
884 1 2 171
3
17 3
885 5 4 127
4 6 1 11 12
19 3 18 7
886 1 5 353
0
5 18 3 13 7
887 4 4 181
17 12 6 3
14 11 12 17
888 2 4 376
17 4
16 18 8 4
889 4 5 341
10 19 0 16
4 14 19 0 16
890 2 4 346
14 9
1 19 9 14
891 1 1 24
8
16
892 4 5 116
9 6 2 8
13 5 17 9 6
893 3 4 410
10 4 17
0 4 2 14
894 2 3 330
4 17
16 11 17
895 1 5 87
1
5 3 15 10 11
896 2 3 402
8 17
6 8 9
897 5 2 161
18 6 11 16 7
1 6
898 2 3 367
18 8
10 19 16
899 2 5 122
4 15
11 6 5 1 12
900 2 3 391
16 17
10 0 16
901 4 2 130
7 9 16 4
7 9
902 3 3 183
10 14 13
7 11 10
903 2 2 252
6 17
19 7
904 1 2 137
6
18 10
905 5 3 182
2 1 16 8 14
12 17 14
906 1 2 378
7
16 9
907 5 8 59
12 13 6 11 16
7 18 14 15 12 13 6 16
908 3 5 44
3 16 0
5 2 16 15 3
909 4 4 344
1 10 17 11
17 5 19 7
910 2 1 499
14 18
1
911 3 2 342
17 3 2
15 14
912 5 4 15
13 11 3 14 15
5 16 17 12
913 4 2 341
2 13 9 3
0 3
914 1 2 34
2
6 15
915 4 4 30
15 10 2 12
14 0 15 10
916 1 3 422
12
7 6 12
917 1 2 375
10
19 3
918 4 5 348
3 12 1 5
6 8 5 4 18
919 3 7 331
6 9 18
5 16 19 8 13 18 6
920 4 2 176
4 15 16 0
0 4
921 3 8 83
13 4 15
7 0 10 1 18 15 4 13
922 4 2 27
19 2 16 17
9 19
923 3 4 415
12 16 15
13 3 4 17
924 4 1 452
6 10 9 4
14
925 3 5 497
18 13 2
0 9 17 16 2
926 4 3 11
8 6 12 11
18 12 12
927 4 2 493
8 10 17 5
13 5
928 1 6 181
17
6 2 13 0 1 17
929 4 5 164
9 8 14 1
16 19 13 2 9
930 2 6 382
3 12
7 6 16 15 12 3
931 2 5 446
9 3
18 5 14 4 19
932 3 2 177
11 0 10
5 0
933 5 2 317
8 5 16 1 3
3 1
934 5 5 148
1 17 6 11 4
12 5 10 1 17
935 2 4 405
8 11
9 19 18 2
936 5 5 184
11 6 2 14 5
15 0 19 10 2
937 4 3 156
10 8 11 12
0 6 9
938 4 5 401
6 18 17 2
16 18 2 14 4
939 2 1 29
11 9
2
940 4 4 366
5 14 19 9
11 4 14 19
941 2 2 426
4 18
1 18
942 5 4 438
17 13 4 1 18
15 4 5 2
943 1 2 62
4
12 4
944 3 3 193
3 11 16
13 16 15
945 2 4 485
5 7
12 13 16 0
946 1 1 126
17
17
947 4 8 16
13 15 6 18
0 9 4 11 13 18 6 15
948 2 5 150
6 4
2 19 16 4 6
949 4 1 452
19 11 0 12
16
950 4 2 336
11 9 19 17
3 7
951 2 2 226
13 2
3 10
952 1 4 87
11
7 10 19 11
953 1 5 175
2
18 3 2 1 6
954 1 2 170
13
5 13
955 2 6 97
8 12
7 16 11 18 2 8
956 1 3 450
12
12 9 12
957 2 4 22
18 6
7 2 18 1
958 3 7 319
8 1 10
5 14 17 16 0 10 8
959 4 8 239
11 5 2 1
8 2 17 3 1 11 5 2
960 4 4 426
19 18 6 7
7 10 11 18
961 1 2 226
6
10 15
962 5 7 12
0 17 18 4 11
5 8 17 10 17 0 18
963 3 3 200
15 5 19
7 8 19
964 2 3 119
14 18
12 16 8
965 1 2 489
8
12 8
966 1 2 223
1
17 18
967 3 2 255
17 2 6
9 17
968 3 5 296
1 11 14
18 5 13 2 7
969 4 2 40
15 1 7 6
3 1
970 5 3 448
8 9 4 6 7
18 12 14
971 5 4 440
3 5 17 9 0
1 11 5 3
972 3 2 248
0 18 15
12 13
973 3 6 431
2 4 15
18 3 8 4 15 2
974 3 2 103
13 15 2
0 12
975 1 3 422
13
18 7 8
976 1 4 20
13
5 6 9 8
977 4 5 233
8 10 9 11
17 9 3 15 10
978 1 6 376
15
15 9 5 19 16 15
979 1 5 81
5
9 0 6 4 5
980 4 2 367
17 12 3 6
8 18
981 1 4 379
16
4 18 7 16
982 1 3 359
2
19 2 2
983 4 9 387
12 0 19 11
2 17 10 4 0 12 0 11 19
984 4 3 186
6 5 13 3
0 15 6
985 5 2 189
2 6 4 8 15
1 0
986 3 5 425
10 14 8
4 2 18 8 14
987 5 3 492
6 9 11 12 0
7 8 9
988 5 5 426
2 8 16 6 3
15 9 17 3 0
989 5 4 78
6 19 7 16 15
5 12 13 6
990 4 6 326
17 12 2 13
7 4 15 17 2 13
991 1 6 264
8
14 11 17 8 5 8
992 5 2 176
11 19 15 4 18
9 19
993 5 1 468
14 2 18 11 6
4
994 1 4 333
13
9 4 13 13
995 3 1 281
15 3 2
11
996 3 3 341
0 4 17
17 3 9
997 4 5 378
4 19 17 3
15 3 0 1 3
998 4 4 278
17 11 10 0
10 18 5 10
999 4 7 57
14 17 7 16
18 4 14 0 7 17 14
1000 2 2 299
18 9
1 18
1001 5 2 260
4 17 19 6 7
12 6
1002 3 1 245
2 18 19
0
1003 5 1 196
12 4 5 6 1
15
1004 5 4 19
2 9 8 19 4
5 9 1 18
1005 1 3 243
5
5 15 17
1006 5 5 460
10 4 8 6 17
18 0 13 1 7
1007 2 1 20
19 8
7
1008 4 1 102
18 9 19 4
7
1009 5 2 209
8 15 12 4 13
15 4
1010 3 3 320
3 8 7
16 7 6
1011 5 5 420
11 2 15 10 8
5 3 15 11 18
1012 2 4 166
3 2
11 3 2 3
1013 2 5 489
3 5
14 16 7 5 3
1014 5 2 86
8 13 3 2 5
8 5
1015 3 7 334
3 2 0
8 18 14 11 2 3 0
1016 1 2 263
1
8 1
1017 3 2 353
3 5 4
9 18
1018 5 6 286
18 15 14 8 11
12 4 6 15 13 11
1019 3 7 12
14 3 9
12 6 8 9 9 14 3
1020 4 6 217
10 16 2 19
6 13 16 15 7 19
1021 2 4 486
17 12
3 10 17 12
1022 5 3 128
12 5 15 18 4
3 12 18
1023 1 5 271
5
7 8 4 11 2
1024 5 4 113
6 12 18 19 2
2 15 0 5
1025 1 3 499
2
5 1 2
1026 3 2 498
9 14 16
15 14
1027 4 4 193
5 12 10 6
17 19 18 9
1028 5 4 109
16 15 5 19 0
8 19 18 12
1029 3 5 457
7 16 12
18 14 15 16 3
1030 4 1 231
19 1 14 0
8
1031 4 3 224
11 9 14 10
5 10 19
1032 2 6 475
17 2
19 0 14 5 1 17
1033 1 4 113
8
11 5 17 18
1034 3 5 250
15 13 1
18 12 6 5 13
1035 5 1 464
11 3 12 16 17
10
1036 2 5 258
3 8
11 1 7 8 8
1037 3 2 14
3 2 11
5 11
1038 3 2 30
4 14 15
14 15
1039 2 3 438
17 12
10 18 15
1040 5 5 190
9 10 13 6 0
14 11 5 1 13
1041 5 5 119
10 9 5 7 0
8 19 7 9 16
1042 4 5 292
15 4 10 0
1 11 14 5 17
1043 3 1 162
7 15 18
18
1044 3 4 120
15 19 7
1 9 19 15
1045 5 4 485
9 7 14 13 1
19 6 7 1
1046 2 1 286
18 0
16
1047 1 1 147
14
17
1048 5 5 174
16 3 11 17 10
4 15 12 16 13
1049 4 3 97
5 4 1 6
0 18 6
1050 3 7 327
8 1 18
13 9 10 12 14 8 1
1051 1 3 214
10
7 15 14
1052 4 2 52
16 4 14 18
10 18
1053 5 5 20
4 8 2 17 7
18 16 14 2 4
1054 1 2 416
14
3 7
1055 4 3 18
6 8 3 15
14 0 16
1056 5 3 453
0 17 6 8 4
16 3 0
1057 3 5 123
19 17 12
3 2 8 6 15
1058 2 2 113
1 19
4 0
1059 2 1 222
12 1
3
1060 2 5 434
7 14
17 7 9 7 14
1061 2 2 341
17 7
6 17
1062 4 6 38
18 3 14 4
2 9 19 0 18 3
1063 3 4 345
0 8 4
11 7 3 1
1064 5 4 87
19 11 14 3 0
6 14 0 3
1065 1 1 122
12
12
1066 4 7 58
16 0 17 9
7 0 9 2 8 0 9
1067 3 7 448
0 13 10
5 18 0 6 19 0 10
1068 3 5 165
10 9 3
1 11 4 17 3
1069 2 5 431
15 16
3 14 5 10 18
1070 4 1 31
11 3 8 4
14
1071 4 2 245
1 4 11 12
6 15
1072 4 5 71
3 11 17 19
15 18 11 6 8
1073 2 5 12
1 7
12 7 9 7 1
1074 2 1 62
14 4
10
1075 5 4 151
3 8 10 17 9
12 7 8 17
1076 2 3 430
1 9
6 16 1
1077 4 3 75
9 10 4 3
16 5 3
1078 2 6 208
16 12
12 14 4 17 0 12
1079 2 7 278
2 1
12 5 11 7 9 1 2
1080 4 4 62
3 10 5 11
3 8 10 11
1081 3 2 163
6 9 5
8 9
1082 1 1 471
11
7
1083 4 2 153
12 10 7 17
19 10
1084 2 4 203
8 12
2 1 6 3
1085 5 5 499
16 19 0 1 8
4 11 10 8 17
1086 1 5 70
15
12 8 4 10 15
1087 4 4 61
2 6 1 15
19 6 3 8
1088 4 3 452
7 3 9 0
10 8 9
1089 3 2 199
12 7 18
1 13
1090 5 1 393
16 13 3 6 8
8
1091 5 2 226
8 6 17 12 4
18 0
1092 5 3 350
7 12 4 6 3
16 17 1
1093 3 4 151
10 1 9
0 17 7 12
1094 3 5 268
6 19 16
4 11 10 6 16
1095 3 2 457
17 19 1
5 1
1096 3 5 156
17 2 7
2 9 16 7 2
1097 1 2 227
18
6 18
1098 4 2 287
12 5 11 17
8 7
1099 4 4 155
10 0 5 13
17 9 7 19
1100 3 6 136
2 9 17
5 18 15 9 2 9
1101 1 5 207
3
18 2 12 4 6
1102 5 5 81
4 19 12 15 13
12 14 19 3 15
1103 3 2 287
3 16 0
15 16
1104 4 2 274
5 12 17 9
15 5
1105 1 1 139
0
13
1106 5 2 19
3 10 6 16 13
13 15
1107 1 3 495
15
9 18 4
1108 2 6 348
12 7
15 8 3 7 7 12
1109 5 6 220
8 14 9 7 19
2 6 8 14 8 7
1110 5 2 240
6 16 13 18 19
11 6
1111 1 5 298
11
10 7 17 4 14
1112 4 7 483
11 14 1 9
15 13 6 0 9 14 1
1113 2 4 17
9 13
13 2 10 9
1114 3 2 409
3 15 11
2 7
1115 5 3 43
13 2 6 8 9
15 9 6
1116 5 6 96
16 14 1 15 7
13 1 7 16 15 1
1117 1 3 116
10
8 14 10
1118 4 8 366
14 3 2 13
7 12 8 15 17 2 14 13
1119 4 8 316
15 6 7 3
14 8 5 16 13 7 15 6
1120 4 4 497
10 1 16 17
15 16 10 16
1121 1 1 182
17
12
1122 2 2 290
0 2
7 0
1123 4 6 329
5 1 2 16
7 1 16 15 10 2
1124 5 5 18
11 5 7 15 8
16 1 4 11 7
1125 4 5 158
10 17 12 2
5 9 18 8 0
1126 4 5 172
5 7 16 4
11 17 15 13 7
1127 4 3 157
1 9 5 18
0 10 8
1128 1 4 165
4
4 19 15 8
1129 1 4 97
6
9 5 17 6
1130 5 1 316
7 1 2 17 16
12
1131 2 5 289
10 17
10 8 19 17 10
1132 2 5 201
6 14
11 6 4 6 14
1133 3 2 217
1 2 12
15 2
1134 1 3 416
13
0 4 15
1135 4 4 379
10 17 13 9
15 9 1 13
1136 1 2 299
17
9 8
1137 5 5 140
16 6 12 18 9
1 3 16 13 2
1138 1 1 58
8
13
1139 3 5 256
1 7 8
15 16 11 13 6
1140 4 3 156
6 16 0 7
6 13 16
1141 1 2 87
2
6 16
1142 5 2 183
1 4 8 10 17
5 13
1143 5 2 387
8 12 18 5 16
8 9
1144 5 8 248
0 3 10 8 1
12 2 5 16 6 1 3 8
1145 4 4 423
10 16 17 12
16 3 11 8
1146 4 3 297
13 6 17 18
8 3 5
1147 1 6 188
11
11 13 17 7 14 11
1148 3 6 434
6 16 12
1 18 16 13 0 6
1149 4 2 348
6 19 17 3
7 17
1150 1 1 88
12
1
1151 2 3 401
6 17
3 12 0
1152 3 1 185
11 16 13
18
1153 4 2 365
19 17 9 13
7 9
1154 1 5 55
17
9 7 18 4 2
1155 3 4 477
4 12 1
3 18 19 4
1156 5 4 79
14 13 2 4 11
15 3 7 0
1157 4 4 383
14 18 16 8
9 7 2 12
1158 2 5 272
15 5
12 13 0 15 5
1159 2 3 215
4 12
13 14 7
1160 1 2 178
2
13 18
1161 4 8 368
11 3 10 1
16 6 17 14 15 3 1 10
1162 3 5 226
2 14 15
15 0 5 1 13
1163 1 2 329
19
6 19
1164 1 1 400
1
10
1165 1 4 183
2
15 16 1 8
1166 2 4 353
7 15
16 13 0 15
1167 5 2 58
2 17 8 13 10
3 7
1168 2 3 14
4 16
4 10 4
1169 3 4 166
10 12 15
11 8 5 7
1170 1 4 375
17
3 10 11 8
1171 4 2 36
3 0 1 2
11 3
1172 4 6 278
15 16 18 17
8 14 12 11 18 15
1173 2 6 148
2 19
17 11 1 12 19 2
1174 2 3 216
14 0
19 14 15
1175 4 3 409
14 2 3 7
4 16 14
1176 4 8 290
1 11 6 17
14 3 2 16 11 11 17 1
1177 2 5 44
9 13
10 13 3 9 13
1178 4 2 331
0 7 13 6
0 6
1179 5 4 61
0 8 10 9 3
1 11 10 0
1180 4 8 464
6 17 9 3
13 16 8 2 11 3 9 17
1181 1 2 406
13
16 6
1182 3 4 85
13 15 14
18 9 15 14
1183 3 2 252
2 12 9
10 12
1184 4 2 392
3 6 14 12
13 7
1185 5 3 424
2 5 6 4 19
8 1 2
1186 2 6 91
14 0
5 8 10 19 18 0
1187 4 2 232
5 8 0 19
3 0
1188 4 5 350
16 12 4 2
2 9 8 4 10
1189 3 5 289
16 6 0
19 7 18 12 11
1190 2 3 79
7 0
11 4 7
1191 4 4 186
9 6 12 19
4 13 9 5
1192 5 3 296
10 18 13 14 2
2 8 13
1193 5 8 158
8 6 1 2 14
8 9 6 2 12 14 8 1
1194 2 3 267
14 8
1 10 8
1195 5 4 185
18 7 15 0 12
9 15 12 18
1196 5 3 286
18 8 13 15 7
3 4 11
1197 5 4 267
6 7 8 11 9
11 6 6 9
1198 5 4 197
10 13 3 6 19
15 17 13 7
1199 5 3 328
18 3 9 10 16
18 12 8
1200 5 2 192
16 13 0 8 1
8 13
1201 4 3 143
2 1 15 5
12 6 15
1202 3 7 376
17 10 18
11 6 10 8 2 10 17
1203 5 5 373
8 6 16 15 4
8 9 14 15 1
1204 2 6 481
0 19
1 14 9 12 0 19
1205 4 8 339
16 13 3 1
5 19 9 15 1 16 3 13
1206 3 6 319
1 7 3
2 16 6 8 4 7
1207 2 2 156
1 7
14 1
1208 1 1 397
9
14
1209 5 1 287
0 1 17 2 13
11
1210 2 2 307
4 11
1 12
1211 1 2 46
15
19 15
1212 4 2 460
18 8 14 2
8 14
1213 1 5 218
7
17 3 7 15 10
1214 2 4 243
0 9
9 3 0 9
1215 4 3 10
14 7 11 18
10 3 1
1216 5 1 137
10 14 3 15 8
6
1217 5 3 36
19 1 0 17 9
7 3 1
1218 1 2 13
13
0 7
1219 4 2 21
19 7 15 1
19 1
1220 1 3 192
7
6 16 11
1221 4 8 215
1 14 4 19
3 4 10 13 2 14 1 4
1222 3 2 71
16 8 10
2 8
1223 4 3 59
12 13 14 2
19 4 8
1224 1 3 295
4
8 16 7
1225 1 2 77
4
2 13
1226 1 3 77
6
0 3 19
1227 4 5 317
1 12 16 11
1 4 9 11 12
1228 2 5 160
11 15
4 11 2 14 6
1229 4 8 150
6 16 14 13
19 3 13 5 1 16 6 13
1230 5 6 209
10 17 16 6 13
11 10 7 13 6 17
1231 3 2 383
1 14 0
14 1
1232 4 6 57
3 2 7 1
15 6 19 1 3 2
1233 5 2 125
1 16 6 3 18
7 16
1234 1 4 208
7
1 5 14 9
1235 4 5 303
3 9 14 15
10 5 8 2 7
1236 3 1 79
6 13 8
14
1237 2 6 289
13 17
18 5 13 6 10 13
1238 4 3 440
2 5 16 15
2 6 12
1239 2 4 252
6 9
18 14 13 6
1240 2 4 321
12 11
12 17 12 11
1241 1 2 178
4
14 4
1242 5 2 12
5 13 0 11 1
19 2
1243 1 1 86
5
13
1244 4 5 366
10 0 1 11
3 1 13 5 0
1245 4 3 317
13 6 15 2
14 10 17
1246 5 2 404
0 14 2 7 9
3 9
1247 1 2 459
6
12 3
1248 3 3 190
11 18 1
4 19 13
1249 2 5 445
2 14
14 6 16 8 14
1250 2 5 335
1 3
14 15 0 6 12
1251 1 4 137
2
0 19 12 2
1252 2 5 56
15 6
12 9 17 6 15
1253 3 5 489
16 18 3
12 6 10 8 3
1254 4 5 29
17 9 0 14
10 8 7 11 9
1255 5 7 160
10 13 19 17 2
16 17 12 15 19 13 10
1256 3 6 147
4 13 9
13 17 4 9 13 4
1257 5 5 438
19 9 11 5 7
1 0 13 4 14
1258 2 2 362
10 13
11 5
1259 1 5 340
8
4 5 13 15 8
1260 4 4 166
3 6 8 14
10 19 8 5
1261 3 5 88
15 18 13
11 1 15 12 19
1262 2 2 342
10 15
19 13
1263 3 6 37
13 1 3
1 12 2 3 1 13
1264 5 3 453
17 16 8 5 15
17 9 5
1265 5 2 462
12 1 4 3 8
12 18
1266 4 7 396
11 17 14 6
17 1 10 15 11 17 6
1267 3 5 476
13 18 9
0 9 1 17 10
1268 5 5 382
9 18 16 19 8
15 5 8 19 8
1269 4 4 115
11 8 12 19
1 3 17 12
1270 4 7 136
7 12 1 3
9 14 0 10 17 1 12
1271 1 2 466
11
6 8
1272 5 4 259
12 10 6 3 4
13 5 3 4
1273 2 4 70
5 11
15 7 3 11
1274 2 1 433
12 6
6
1275 5 4 54
17 11 7 4 10
18 15 13 17
1276 3 5 47
3 10 2
12 8 17 13 10
1277 2 5 384
11 13
15 11 7 12 8
1278 1 5 292
7
9 6 17 11 7
1279 3 2 204
16 17 8
16 8
1280 5 3 154
1 6 11 8 12
6 15 9
1281 5 4 285
16 15 6 7 1
1 16 15 7
1282 2 2 363
4 1
18 4
1283 4 4 164
2 13 6 15
9 4 2 6
1284 1 5 327
9
0 3 10 9 7
1285 2 4 57
17 0
19 3 2 16
1286 5 2 418
3 19 11 1 8
3 3
1287 2 5 339
4 12
10 18 4 0 2
1288 4 5 103
3 17 5 15
10 16 6 15 5
1289 3 4 319
16 7 4
18 10 4 7
1290 5 1 384
14 5 8 15 1
4
1291 5 4 107
6 10 11 16 9
11 13 3 12
1292 4 2 223
8 2 10 12
8 12
1293 5 3 447
12 19 4 8 13
8 19 11
1294 3 4 484
17 1 14
15 1 14 1
1295 5 2 14
15 16 6 13 7
1 16
1296 4 7 13
10 2 3 13
11 15 12 18 3 10 13
1297 5 3 152
18 11 16 12 17
11 13 12
1298 4 4 498
16 19 7 2
19 8 17 11
1299 3 4 255
12 6 4
14 15 12 6
1300 1 6 415
11
12 1 13 5 16 11
1301 3 5 280
5 15 19
4 1 17 7 15
1302 2 2 265
14 2
7 14
1303 3 3 370
2 16 14
5 2 16
1304 1 4 54
7
2 15 16 7
1305 5 5 49
5 3 9 13 7
4 7 0 8 11
1306 1 6 371
13
1 0 18 4 17 13
1307 3 7 307
1 15 4
8 15 11 2 1 4 15
1308 2 2 109
8 5
11 1
1309 5 5 347
1 19 7 10 8
17 18 12 3 7
1310 5 3 329
7 19 10 17 1
6 2 8
1311 1 2 262
2
5 15
1312 3 2 194
6 0 3
18 4
1313 3 3 439
17 18 2
15 0 17
1314 4 4 269
9 3 10 0
19 12 16 10
1315 1 6 409
0
12 2 18 5 6 0
1316 1 4 347
17
18 2 1 15
1317 3 1 295
0 11 5
18
1318 3 4 92
19 18 5
2 1 18 19
1319 2 1 130
1 3
12
1320 2 2 310
13 4
4 19
1321 1 4 330
5
10 2 16 5
1322 3 5 155
8 14 17
7 5 15 14 17
1323 1 4 32
3
8 3 14 19
1324 3 5 389
15 16 11
8 18 19 14 3
1325 4 8 64
9 1 13 8
7 16 0 18 9 13 8 1
1326 2 5 164
18 19
19 9 18 1 19
1327 1 4 87
15
1 14 8 15
1328 4 7 146
13 12 3 14
1 13 0 16 12 14 13
1329 1 3 238
4
8 12 1
1330 3 2 83
0 18 19
6 18
1331 3 2 149
15 16 4
14 15
1332 3 2 400
3 10 13
4 18
1333 1 5 102
9
7 3 1 9 9
1334 2 2 89
1 17
1 17
1335 1 5 483
12
12 17 8 9 12
1336 4 4 197
10 12 2 0
12 8 7 13
1337 3 4 390
16 19 6
8 15 10 9
1338 3 2 352
13 15 8
19 8
1339 1 4 79
13
11 1 3 13
1340 4 9 348
1 9 2 17
15 0 3 9 17 2 9 1 17
1341 1 6 466
8
17 16 15 4 6 8
1342 2 5 334
5 11
4 12 0 5 10
1343 2 3 248
11 13
16 18 9
1344 5 4 317
19 14 8 5 12
4 16 8 12
1345 2 6 171
4 8
3 16 12 4 4 8
1346 2 4 303
17 11
11 18 0 17
1347 4 3 324
17 14 10 1
8 3 18
1348 5 4 344
6 12 8 3 7
17 15 6 10
1349 1 5 290
4
12 9 14 15 0
1350 4 2 61
17 13 11 19
15 13
1351 4 2 478
13 10 11 7
19 1
1352 2 3 299
11 19
2 1 10
1353 1 5 459
16
4 6 5 19 16
1354 5 3 294
4 3 13 1 9
2 15 5
1355 2 5 160
18 16
9 5 2 12 4
1356 4 1 498
4 13 6 5
10
1357 3 7 363
16 4 3
15 2 3 0 19 16 3
1358 2 2 314
15 4
12 4
1359 2 7 101
10 5
1 12 19 4 17 10 5
1360 5 1 408
9 0 5 6 2
0
1361 4 9 45
2 10 16 14
11 0 12 8 10 14 16 10 2
1362 3 8 47
0 14 9
19 8 7 9 10 0 14 9
1363 2 5 181
0 9
2 10 19 13 12
1364 2 5 121
13 1
9 8 13 19 18
1365 5 6 151
11 15 8 7 4
17 2 0 19 7 8
1366 4 2 101
0 6 13 4
12 9
1367 2 1 246
4 17
13
1368 3 3 48
6 19 9
1 6 7
1369 4 2 91
6 15 14 13
11 18
1370 5 6 442
14 0 7 1 15
10 12 15 3 0 14
1371 1 2 139
4
6 2
1372 5 4 151
1 15 16 8 10
12 14 8 10
1373 4 8 88
8 3 7 14
17 7 10 1 0 8 3 14
1374 3 5 174
17 3 2
6 14 3 15 2
1375 1 2 403
5
3 15
1376 2 3 414
17 9
15 4 7
1377 5 2 134
15 18 1 2 7
2 18
1378 2 6 171
19 2
14 1 10 0 19 2
1379 4 7 332
16 13 7 2
1 8 14 15 2 16 7
1380 5 4 343
0 14 15 9 12
9 2 4 7
1381 2 3 458
13 11
0 18 7
1382 3 5 454
6 2 9
5 19 13 6 2
1383 4 1 153
17 8 14 3
4
1384 4 3 164
3 18 10 17
19 15 16
1385 5 3 339
10 19 12 16 2
14 18 13
1386 2 5 292
5 8
8 2 9 18 8
1387 4 2 465
10 2 9 16
14 3
1388 1 6 142
18
0 18 17 2 14 18
1389 4 3 412
16 0 12 4
1 15 4
1390 4 5 190
19 3 18 5
12 5 1 19 14
1391 3 4 406
0 4 5
9 11 16 5
1392 1 4 286
4
1 5 2 4
1393 1 5 39
3
19 9 7 3 3
1394 4 3 401
3 9 17 0
8 13 7
1395 2 6 17
0 10
11 2 4 13 7 0
1396 2 4 235
9 17
4 7 3 17
1397 2 1 192
19 4
4
1398 3 4 357
12 19 17
5 18 13 14
1399 3 3 271
17 8 3
12 1 8
1400 5 4 92
17 2 11 7 19
19 16 2 7
1401 1 5 383
1
17 0 13 12 1
1402 1 4 356
16
0 5 17 11
1403 1 3 467
2
15 6 0
1404 3 4 227
1 6 2
16 7 11 9
1405 2 4 48
5 19
17 9 0 13
1406 2 3 496
3 9
10 0 15
1407 3 2 153
13 9 16
4 16
1408 1 2 415
8
3 17
1409 1 4 228
11
1 17 4 14
1410 2 4 57
14 10
13 14 0 4
1411 5 3 325
4 19 3 16 12
16 6 9
1412 5 1 183
8 7 15 1 14
11
1413 1 5 484
10
8 4 9 14 18
1414 4 2 211
10 1 6 16
6 11
1415 2 3 390
12 5
18 4 5
1416 1 3 41
11
14 19 11
1417 4 2 138
2 9 13 16
11 10
1418 2 2 191
14 6
3 14
1419 5 8 435
5 8 11 1 6
16 19 1 12 2 5 1 8
1420 1 4 236
11
6 10 2 19
1421 1 4 158
7
3 18 8 7
1422 1 5 335
12
2 6 18 19 12
1423 1 2 221
7
17 10
1424 3 2 38
19 15 6
5 6
1425 1 2 25
17
17 6
1426 1 6 198
15
5 2 17 19 8 15
1427 4 1 184
6 11 17 18
5
1428 2 6 283
14 18
9 1 13 3 18 14
1429 5 2 342
0 11 12 17 19
2 18
1430 3 3 159
15 9 7
8 7 16
1431 2 2 445
15 19
7 4
1432 3 7 334
11 16 2
15 14 13 18 7 11 2
1433 2 5 20
17 14
2 18 14 17 14
1434 2 2 363
2 17
12 11
1435 2 5 298
17 1
2 0 4 11 17
1436 4 1 226
19 10 7 12
2
1437 1 4 83
17
3 6 1 11
1438 1 3 315
16
10 3 7
1439 2 6 348
8 13
15 11 6 14 18 13
1440 1 2 387
12
17 16
1441 1 1 387
8
8
1442 3 2 66
3 18 4
12 10
1443 5 2 67
5 2 9 3 18
5 15
1444 2 3 145
16 14
7 13 17
1445 5 5 461
10 8 18 19 16
11 6 4 16 1
1446 1 1 360
4
7
1447 1 3 331
1
15 16 1
1448 4 3 434
8 0 19 10
13 6 0
1449 4 5 32
12 19 10 18
5 13 16 11 12
1450 3 5 388
14 10 6
12 3 4 16 9
1451 3 2 285
7 12 14
18 6
1452 1 6 230
12
8 5 9 18 11 12
1453 3 3 74
7 13 6
7 19 15
1454 3 2 278
12 6 1
5 18
1455 1 4 314
6
6 17 15 5
1456 3 4 187
13 8 2
6 9 14 11
1457 1 3 187
3
19 18 8
1458 3 5 82
19 5 7
5 15 12 6 7
1459 5 4 227
9 8 7 10 16
12 8 1 19
1460 4 1 495
8 18 11 16
10
1461 1 5 43
14
19 18 7 17 3
1462 1 6 367
19
17 3 8 4 6 19
1463 3 1 98
7 18 16
5
1464 5 4 44
2 19 9 8 4
14 6 1 19
1465 1 3 136
11
1 7 9
1466 4 2 223
3 5 16 10
3 3
1467 5 1 66
17 16 9 11 8
15
1468 4 2 334
2 10 16 15
4 10
1469 5 5 113
19 1 9 2 3
19 9 2 9 1
1470 3 1 120
16 11 12
17
1471 5 5 452
0 16 6 12 3
15 12 17 9 6
1472 2 4 448
3 2
19 0 3 2
1473 1 5 355
14
10 1 11 14 2
1474 5 5 174
18 6 11 12 14
5 4 9 8 10
1475 5 3 248
7 6 12 0 17
13 6 9
1476 1 4 149
7
5 11 7 14
1477 1 6 101
6
2 16 1 13 19 6
1478 3 4 128
3 11 13
12 18 11 3
1479 1 2 395
7
6 18
1480 2 6 287
17 11
12 3 9 17 4 11
1481 2 4 103
17 9
6 0 11 1
1482 2 1 132
14 13
1
1483 3 5 249
0 18 13
4 13 0 0 13
1484 4 2 18
9 16 14 15
12 2
1485 5 2 123
17 12 1 8 5
8 2
1486 5 4 74
11 5 18 8 16
2 14 19 5
1487 2 2 144
16 11
17 16
1488 2 4 187
11 3
18 3 4 11
1489 2 3 172
12 2
11 9 13
1490 3 3 440
0 3 18
17 2 0
1491 1 2 303
7
0 7
1492 3 3 448
11 4 8
2 6 8
1493 4 1 87
4 14 6 18
1
1494 2 4 221
3 9
13 8 9 3
1495 1 5 492
10
4 1 15 14 10
1496 4 6 343
0 18 15 2
4 17 6 14 2 15
1497 5 4 208
18 3 10 1 16
12 15 10 16
1498 2 3 410
7 16
16 0 17
1499 2 5 497
8 6
6 14 17 9 0
